0	0	0	0	     54578049406
0	0	0	0	       181499474
0	0	0	0	               0
0	0	0	0	               0
0	0	0	0	     54578049406
0	0	0	0	     54578049406
0	0	0	0	               0
0	0	0	0	               0
0	0	0	0	               0
0	0	0	0	               0
0	0	0	0	               0
0	0	0	0	               0
0	0	0	0	     54587907627
0	0	0	0	               0
1	2	0	0	               0
0	0	0	0	               0
0	0	0	0	               0
0	0	0	0	               0
0	0	0	0	               0
0	0	0	0	               0
0	0	0	0	               0
0	0	0	0	               0
0	0	0	0	               0
0	0	0	0	               0
0	0	0	0	     54610968812
0	0	0	0	               0
0	0	0	0	       736237793
0	0	0	0	               0
0	0	0	0	               0
0	0	0	0	               0
0	0	0	0	               0
0	0	0	0	               0
0	0	0	0	     54627532731
0	0	0	0	     54627532731
0	0	0	0	     54634041454
0	0	0	0	     54634041454
0	0	0	0	               0
1	1	0	0	               0
4	2	0	0	               0
6	3	0	0	               0
4	2	0	0	               0
4	2	0	0	               0
4	2	0	0	        39716757
6	3	0	0	               0
4	2	0	0	     37551288565
4	2	0	0	               0
4	2	0	0	               0
6	3	0	0	         9989337
4	2	0	0	        19942514
4	2	0	0	        33102961
6	3	0	0	               0
4	2	0	0	               0
4	2	0	0	               0
4	2	0	0	               0
6	3	0	0	               0
4	2	0	0	               0
4	2	0	0	               0
4	2	0	0	               0
6	3	0	0	         6639211
4	2	0	0	               0
4	2	0	0	               0
4	2	0	0	               0
6	3	0	0	               0
1	3	0	1	               0
0	0	0	0	               0
0	0	0	0	               0
0	0	0	0	               0
0	0	0	0	               0
0	0	0	0	               0
0	0	0	0	               0
0	0	0	0	               0
0	0	0	0	               0
0	0	0	0	               0
0	0	0	0	               0
0	0	0	0	               0
0	0	0	0	               0
0	0	0	0	               0
0	1	0	0	               0
0	1	0	0	               0
0	6229	0	0	               0
0	12551	0	0	     43393367503
0	13127	0	0	     41108968269
0	12897	0	0	     43465054756
0	13350	0	0	      1084187912
0	14632	0	0	     43517522745
0	12717	0	0	     43546903350
0	13169	0	0	     43569705620
0	12964	0	0	               0
0	13609	0	0	     43641845337
0	14280	0	0	               0
0	12367	0	0	               0
0	13204	0	0	               0
0	13651	0	0	               0
0	12732	0	0	               0
0	13450	0	0	     43847880637
0	13385	0	0	               0
0	13696	0	0	               0
0	13850	0	0	     43943036252
0	13708	0	0	               0
0	14587	0	0	     43992309702
0	12066	0	0	     44015163081
0	13875	0	0	               0
0	13095	0	0	     44083963442
0	12368	0	0	               0
0	13133	0	0	     44172308592
0	12343	0	0	     44198498223
0	13061	0	0	      1047833358
0	14811	0	0	               0
0	12687	0	0	     44283771492
0	14582	0	0	               0
0	14572	0	0	               0
0	14074	0	0	               0
0	12614	0	0	               0
0	11815	0	0	     17852051631
0	12682	0	0	               0
0	14206	0	0	               0
0	13882	0	0	               0
0	12916	0	0	     44611876604
0	13368	0	0	               0
0	13435	0	0	               0
0	14617	0	0	               0
0	13631	0	0	               0
0	13422	0	0	               0
0	13336	0	0	               0
0	12704	0	0	               0
0	14814	0	0	      1235694212
0	15061	0	0	     44919959756
0	13996	0	0	               0
0	13887	0	0	     44985542924
0	12671	0	0	     45024919555
0	12426	0	0	               0
0	13638	0	0	               0
0	12274	0	0	     45116485092
0	14328	0	0	     45142818560
0	12983	0	0	     45175643948
0	13907	0	0	               0
0	12618	0	0	     45254321094
0	12695	0	0	     45290373915
0	13340	0	0	               0
0	15071	0	0	     45359202615
0	13939	0	0	     45388758733
0	13046	0	0	         3333333
0	13622	0	0	     45431269857
0	13414	0	0	     45470329234
0	14123	0	0	     45486742752
0	13124	0	0	     45529264070
0	13421	0	0	               0
0	14105	0	0	      1476417537
0	13106	0	0	               0
0	12755	0	0	      4763566773
0	13076	0	0	               0
0	13748	0	0	               0
0	12663	0	0	               0
0	12440	0	0	      1535810364
0	12762	0	0	     45801204264
0	12581	0	0	               0
0	13127	0	0	      1552361888
0	12936	0	0	      1558965504
0	13490	0	0	     45925629672
0	12477	0	0	               0
0	12569	0	0	               0
0	13202	0	0	               0
0	13263	0	0	               0
0	13218	0	0	               0
0	13434	0	0	               0
0	12829	0	0	               0
0	13280	0	0	      1631533699
0	13928	0	0	               0
0	14147	0	0	               0
0	13044	0	0	               0
0	13086	0	0	     46378005085
0	12816	0	0	               0
0	12501	0	0	     46427194430
0	12962	0	0	      1667587971
0	13043	0	0	     54719735546
0	12959	0	0	               0
0	12306	0	0	               0
0	13741	0	0	               0
0	12670	0	0	       988807933
0	13320	0	0	               0
0	13033	0	0	               0
0	12649	0	0	               0
0	12618	0	0	               0
0	13401	0	0	               0
0	12888	0	0	     46856572993
0	13162	0	0	               0
0	12506	0	0	     46918915559
0	12548	0	0	      1011879407
0	14248	0	0	               0
0	13728	0	0	               0
0	12549	0	0	               0
0	12385	0	0	               0
0	12895	0	0	               0
0	13228	0	0	               0
0	13434	0	0	               0
0	12895	0	0	               0
0	11825	0	0	               0
0	12672	0	0	      7127727808
0	12928	0	0	               0
0	13385	0	0	     47378212486
0	13638	0	0	      1937985020
0	13394	0	0	      1941299279
0	14079	0	0	     47486495412
0	13446	0	0	               0
0	13391	0	0	     47552076579
0	12661	0	0	     40821567026
0	9640	0	0	    117504806959
0	11369	0	0	     14526694836
0	11542	0	0	     54752655269
0	11967	0	0	               0
0	12967	0	0	               0
0	12897	0	0	               0
0	12661	0	0	               0
0	13044	0	0	      2092972879
0	13609	0	0	               0
0	13535	0	0	               0
0	13185	0	0	               0
0	13462	0	0	               0
0	12720	0	0	               0
0	12280	0	0	     48080143289
0	12831	0	0	               0
0	12562	0	0	      2195161940
0	13728	0	0	               0
0	12921	0	0	               0
0	13261	0	0	     48267248457
0	13311	0	0	      2224772342
0	13100	0	0	     12187447453
0	23441	0	0	     12345554510
0	40661	0	0	     12593749136
0	11954	0	0	     12679914367
0	13518	0	0	               0
0	13791	0	0	      2320361664
0	12903	0	0	               0
0	13165	0	0	               0
0	12763	0	0	               0
0	13188	0	0	               0
0	11839	0	0	      2373063311
0	12277	0	0	               0
0	12517	0	0	      2392865909
0	12137	0	0	      2409303803
0	12778	0	0	               0
0	13305	0	0	     48982040376
0	13650	0	0	               0
0	13166	0	0	               0
0	14214	0	0	               0
0	13479	0	0	      2462089262
0	13449	0	0	               0
0	12722	0	0	      2475297683
0	13461	0	0	      2495010121
0	13330	0	0	               0
0	12473	0	0	               0
0	13182	0	0	               0
0	11253	0	0	               0
0	11927	0	0	      2550678224
0	12396	0	0	      2557237864
0	13565	0	0	               0
0	13827	0	0	     49484090939
0	13874	0	0	               0
0	11846	0	0	               0
0	12245	0	0	      2619809457
0	13116	0	0	      2623113798
0	12943	0	0	     49667522438
0	13866	0	0	               0
0	12849	0	0	      3720547407
0	12161	0	0	      7361216251
0	13014	0	0	               0
0	13589	0	0	               0
0	12905	0	0	               0
0	12596	0	0	      2702360889
0	12536	0	0	               0
0	12909	0	0	               0
0	13270	0	0	               0
0	14242	0	0	     49989068802
0	12307	0	0	               0
0	12229	0	0	               0
0	13632	0	0	               0
0	12255	0	0	               0
0	12804	0	0	               0
0	13038	0	0	      2801171520
0	13308	0	0	               0
0	12275	0	0	               0
0	12642	0	0	               0
0	12632	0	0	               0
0	13263	0	0	      2863789228
0	13359	0	0	     50343290571
0	13503	0	0	     50376096697
0	11691	0	0	               0
0	12916	0	0	      2909956060
0	13081	0	0	               0
0	13980	0	0	     50500686460
0	12839	0	0	               0
0	13556	0	0	               0
0	14917	0	0	     50589050668
0	15303	0	0	               0
0	14912	0	0	     50667990500
0	12880	0	0	               0
0	13654	0	0	      3018581867
0	15094	0	0	     50769903830
0	14032	0	0	      3028471323
0	13974	0	0	               0
0	12520	0	0	      3051415120
0	13229	0	0	               0
0	12081	0	0	     40884290637
0	13082	0	0	      3087679526
0	11786	0	0	     50963300978
0	13637	0	0	               0
0	12947	0	0	      3107391769
0	12841	0	0	               0
0	13004	0	0	      3123798299
0	12978	0	0	      3130423294
0	13004	0	0	      3156800385
0	12812	0	0	      3163365794
0	13224	0	0	               0
0	14486	0	0	     51271723430
0	13041	0	0	     40890859486
0	13876	0	0	     51360445246
0	13680	0	0	               0
0	12991	0	0	     51432616338
0	13226	0	0	      3226063095
0	13417	0	0	     56818032760
0	12131	0	0	               0
0	12196	0	0	               0
0	13629	0	0	               0
0	12543	0	0	               0
0	12314	0	0	               0
0	13091	0	0	     51786566236
0	13083	0	0	     51829215039
0	13835	0	0	      3315093483
0	13090	0	0	     51911256826
0	13471	0	0	      3331479494
0	12991	0	0	      3331479494
0	12763	0	0	      3341372220
0	13085	0	0	               0
0	14168	0	0	      3371122754
0	12111	0	0	               0
0	12822	0	0	               0
0	12353	0	0	               0
0	12007	0	0	               0
0	11606	0	0	               0
0	13495	0	0	      3453555198
0	12237	0	0	               0
0	12897	0	0	     52301386496
0	13302	0	0	               0
0	12849	0	0	               0
0	12900	0	0	     52389888343
0	15156	0	0	     52426070647
0	13415	0	0	      3529388147
0	14069	0	0	     52524503563
0	12880	0	0	     52560652883
0	14590	0	0	     56818032760
0	13104	0	0	     40907318186
0	12043	0	0	     52652215308
0	9413	0	0	     22758762539
0	12407	0	0	     22838086422
0	11553	0	0	     22897391176
0	12815	0	0	     22980254080
0	13940	0	0	     23053265226
0	14412	0	0	     23142657670
0	14729	0	0	     23215634368
0	12189	0	0	     23288455493
0	13286	0	0	     23364725981
0	14435	0	0	     23440979802
0	13977	0	0	     23523823564
0	14548	0	0	     23606701205
0	13213	0	0	     23702746246
0	13007	0	0	     23778849132
0	12706	0	0	     23848498345
0	12793	0	0	     23918063354
0	14111	0	0	     23997720191
0	13587	0	0	     53223389258
0	12911	0	0	     53282312181
0	13287	0	0	               0
0	12470	0	0	      3773148294
0	13289	0	0	     37683221297
0	12397	0	0	               0
0	12574	0	0	               0
0	13081	0	0	               0
0	13432	0	0	               0
0	12708	0	0	               0
0	12506	0	0	      1975497922
0	12850	0	0	               0
0	13481	0	0	               0
0	13877	0	0	      3868830175
0	13022	0	0	     40933721369
0	13955	0	0	     53731556631
0	13812	0	0	               0
0	13317	0	0	               0
0	12982	0	0	               0
0	14547	0	0	      2028116265
0	12869	0	0	               0
0	14400	0	0	      2134009249
0	12862	0	0	     53951281426
0	13568	0	0	               0
0	12902	0	0	     54013571641
0	12840	0	0	     26134893587
0	12097	0	0	     26211047064
0	11138	0	0	     26283676910
0	8795	0	0	      2080708181
0	11580	0	0	     54131679965
0	12781	0	0	     54167534551
0	13698	0	0	      2103699967
0	12614	0	0	     54242902013
0	13653	0	0	               0
0	13291	0	0	     54315030751
0	12705	0	0	               0
0	13146	0	0	      4093207564
0	13829	0	0	               0
0	13438	0	0	      2120055857
0	13752	0	0	     54501911411
0	13895	0	0	     54514937003
0	13581	0	0	               0
0	13872	0	0	               0
0	13038	0	0	               0
0	14064	0	0	     54900671268
0	14012	0	0	     54900671268
0	13460	0	0	     54754372105
0	13437	0	0	               0
0	12289	0	0	               0
0	11795	0	0	      4228056957
0	13268	0	0	               0
0	13656	0	0	     54934447049
0	13300	0	0	               0
0	13522	0	0	               0
0	14068	0	0	     55032645174
0	15304	0	0	     55065566217
0	15608	0	0	      4297329629
0	12989	0	0	     55131019624
0	13005	0	0	               0
0	13479	0	0	               0
0	14117	0	0	               0
0	13001	0	0	     55252139751
0	12598	0	0	     55291557245
0	12445	0	0	     55314489001
0	15076	0	0	     55340878000
0	13487	0	0	      4389521685
0	13740	0	0	     55422876702
0	13328	0	0	      4399418093
0	13509	0	0	               0
0	12955	0	0	               0
0	12779	0	0	      4415844203
0	14430	0	0	               0
0	13717	0	0	      2452754835
0	13340	0	0	       167892148
0	13458	0	0	      4455379821
0	13412	0	0	               0
0	12014	0	0	               0
0	13067	0	0	               0
0	12990	0	0	               0
0	13008	0	0	      4498173650
0	14247	0	0	               0
0	13087	0	0	               0
0	275	0	1	               0
0	10483	0	0	      4541084636
0	13375	0	0	       217226614
0	13929	0	0	               0
0	14746	0	0	               0
0	13404	0	0	        19768511
0	14007	0	0	               0
0	13600	0	0	      4590366133
0	12860	0	0	     54927044860
0	13500	0	0	               0
0	13704	0	0	      4626614699
0	13379	0	0	      4633169078
0	14354	0	0	      4653012225
0	13059	0	0	      4659579040
0	13063	0	0	     56387258990
0	13991	0	0	               0
0	13644	0	0	               0
0	13120	0	0	      4699085514
0	14021	0	0	      4705694866
0	13188	0	0	      4725578067
0	13187	0	0	               0
0	12864	0	0	               0
0	13659	0	0	               0
0	13419	0	0	      4784894030
0	12788	0	0	     56702190383
0	13924	0	0	      4811244943
0	14572	0	0	     56751554051
0	14238	0	0	               0
0	12859	0	0	               0
0	12789	0	0	     56919768140
0	12601	0	0	               0
0	14559	0	0	     56892666492
0	14757	0	0	               0
0	13443	0	0	               0
0	13623	0	0	     56977981572
0	12882	0	0	      4913104179
0	13057	0	0	     57050139789
0	13776	0	0	               0
0	13189	0	0	               0
0	12472	0	0	      4949364671
0	12429	0	0	               0
0	13559	0	0	     56919768140
0	13052	0	0	     41006259758
0	13363	0	0	     57272924721
0	12475	0	0	      4982219793
0	14359	0	0	       444438886
0	15299	0	0	               0
0	13196	0	0	     41006259758
0	12527	0	0	     57456229296
0	12566	0	0	      8397493346
0	13761	0	0	               0
0	13209	0	0	               0
0	13608	0	0	               0
0	14790	0	0	      5051472241
0	12879	0	0	     57629835404
0	12032	0	0	     57659128904
0	14038	0	0	     57698574969
0	13952	0	0	     57731505856
0	13112	0	0	     57757664802
0	13000	0	0	     57787111411
0	13265	0	0	               0
0	27399	0	0	               0
0	12647	0	0	     56923054037
0	14540	0	0	               0
0	13458	0	0	     18183880365
0	13223	0	0	               0
0	12861	0	0	               0
0	12392	0	0	               0
0	13757	0	0	      5259410608
0	13005	0	0	      5266003913
0	14194	0	0	      5275883225
0	13412	0	0	               0
0	14326	0	0	     58245652891
0	12953	0	0	               0
0	13053	0	0	               0
0	14281	0	0	               0
0	12576	0	0	      8565378827
0	12789	0	0	               0
0	12409	0	0	     58475140109
0	12893	0	0	      5381136605
0	12875	0	0	               0
0	13694	0	0	               0
0	13127	0	0	     41019366535
0	14000	0	0	               0
0	13321	0	0	     58652197545
0	13244	0	0	               0
0	13550	0	0	      5440382089
0	13499	0	0	       384902072
0	11944	0	0	               0
0	14052	0	0	               0
0	13048	0	0	      5499771903
0	11641	0	0	     54979797924
0	9224	0	0	      1363139488
0	12928	0	0	               0
0	10779	0	0	     38425597535
0	12800	0	0	     38518145891
0	13689	0	0	     38604381565
0	12911	0	0	     38670526398
0	14598	0	0	     38756864882
0	13590	0	0	     38836469453
0	12723	0	0	     38922628199
0	12256	0	0	     39015301145
0	13316	0	0	     39091604076
0	25601	0	0	     39257309705
0	12157	0	0	     39336659632
0	12743	0	0	     39416205113
0	13181	0	0	     39495782635
0	13972	0	0	     59442543602
0	14351	0	0	               0
0	13106	0	0	      5651457172
0	12629	0	0	      5305958721
0	12864	0	0	      5667900021
0	12335	0	0	      5684278292
0	11849	0	0	     59635787482
0	13000	0	0	      5707332564
0	12851	0	0	      5723784264
0	12631	0	0	               0
0	12563	0	0	      5753357260
0	13048	0	0	     59802850555
0	13637	0	0	      5789550215
0	13924	0	0	               0
0	14665	0	0	     37828371446
0	14338	0	0	     59963677958
0	13877	0	0	               0
0	12407	0	0	               0
0	13390	0	0	      5829136157
0	13330	0	0	     60108052384
0	14343	0	0	               0
0	12987	0	0	               0
0	14086	0	0	      5862051380
0	13411	0	0	     60245975596
0	13402	0	0	     37828371446
0	13224	0	0	      5891756506
0	13711	0	0	      5904940230
0	12418	0	0	               0
0	13851	0	0	     60402793928
0	12788	0	0	     41968437791
0	27498	0	0	     42140690483
0	13367	0	0	     42216890505
0	11740	0	0	     42292739154
0	23393	0	0	     42438167986
0	13797	0	0	               0
0	13554	0	0	               0
0	13929	0	0	      6003718996
0	12951	0	0	               0
0	14273	0	0	               0
0	14054	0	0	               0
0	13965	0	0	      6036764548
0	12522	0	0	               0
0	12471	0	0	               0
0	12693	0	0	               0
0	13389	0	0	      8894671281
0	13091	0	0	               0
0	13610	0	0	      6993304329
0	12286	0	0	               0
0	13620	0	0	      6092733085
0	13863	0	0	               0
0	13289	0	0	               0
0	12833	0	0	      6129046177
0	13547	0	0	               0
0	12640	0	0	               0
0	12457	0	0	               0
0	13381	0	0	     18615106123
0	12942	0	0	               0
0	13783	0	0	               0
0	13412	0	0	               0
0	14410	0	0	               0
0	12663	0	0	      9003179588
0	12794	0	0	               0
0	12501	0	0	               0
0	13523	0	0	     61704463578
0	13566	0	0	      6313602246
0	13511	0	0	               0
0	13757	0	0	      6339963303
0	12669	0	0	     61865329982
0	12849	0	0	     80634353307
0	13689	0	0	     61950503577
0	14143	0	0	               0
0	13246	0	0	               0
0	13229	0	0	     62019429511
0	13474	0	0	     62065410676
0	13018	0	0	               0
0	12445	0	0	     62140785212
0	13785	0	0	               0
0	13742	0	0	      6448743060
0	13317	0	0	      6461825672
0	12807	0	0	               0
0	13437	0	0	               0
0	12147	0	0	      6504749649
0	13248	0	0	               0
0	13162	0	0	               0
0	13372	0	0	      1026677573
0	12984	0	0	               0
0	14385	0	0	      6550945300
0	16050	0	0	     62554705364
0	13042	0	0	      6560829335
0	13107	0	0	               0
0	13677	0	0	       197824521
0	14653	0	0	               0
0	13797	0	0	               0
0	12962	0	0	               0
0	13507	0	0	               0
0	12870	0	0	               0
0	13618	0	0	     62869331456
0	13022	0	0	      6663003388
0	13414	0	0	      6672864199
0	13792	0	0	      6689346833
0	14230	0	0	      6705874287
0	13199	0	0	      6709189365
0	13831	0	0	     63072613405
0	13530	0	0	     63115405568
0	12705	0	0	      6738849114
0	13551	0	0	     63174427929
0	14742	0	0	     63223695262
0	13586	0	0	               0
0	13419	0	0	               0
0	12993	0	0	               0
0	14423	0	0	               0
0	12392	0	0	               0
0	13195	0	0	      6811260372
0	13339	0	0	      6827761156
0	13482	0	0	               0
0	13470	0	0	     63529017205
0	13093	0	0	      6867290882
0	12371	0	0	               0
0	13347	0	0	      6890339710
0	13564	0	0	      6890339710
0	13228	0	0	               0
0	14161	0	0	               0
0	12901	0	0	               0
0	13270	0	0	      6936398208
0	13375	0	0	      9325417702
0	14189	0	0	      6952966548
0	13850	0	0	               0
0	14556	0	0	      6982681357
0	13298	0	0	     63981649601
0	14105	0	0	      7012372335
0	13248	0	0	      7022299287
0	13186	0	0	     64089807716
0	13812	0	0	      7045318921
0	15317	0	0	      7058538745
0	12877	0	0	               0
0	13299	0	0	      7074975707
0	13957	0	0	      7094813046
0	12119	0	0	     57067951067
0	14503	0	0	      7137610078
0	12884	0	0	      7160656559
0	12604	0	0	               0
0	26529	0	0	     64463764447
0	13581	0	0	               0
0	13424	0	0	      7213279250
0	12851	0	0	      7229816752
0	13363	0	0	               0
0	14317	0	0	     64621033617
0	13076	0	0	               0
0	14493	0	0	               0
0	13658	0	0	               0
0	13911	0	0	               0
0	14880	0	0	               0
0	13750	0	0	      7312192875
0	12826	0	0	               0
0	14307	0	0	               0
0	12925	0	0	               0
0	14178	0	0	      7358382965
0	14605	0	0	               0
0	13456	0	0	      7384697094
0	13146	0	0	     65028081656
0	13617	0	0	      7391299763
0	13083	0	0	      7397931249
0	12858	0	0	      7401246070
0	13514	0	0	               0
0	12018	0	0	      7430868266
0	12377	0	0	               0
0	13280	0	0	               0
0	12859	0	0	      7460547788
0	14131	0	0	     65352768561
0	14144	0	0	     65369113024
0	12642	0	0	               0
0	13295	0	0	               0
0	14172	0	0	      7533068920
0	14381	0	0	               0
0	13606	0	0	      7552806934
0	13500	0	0	     65536721701
0	15129	0	0	               0
0	12960	0	0	      7585724992
0	14157	0	0	               0
0	13147	0	0	      9614999295
0	15277	0	0	     65704222731
0	13483	0	0	      7631915869
0	13000	0	0	      7645158347
0	13010	0	0	               0
0	13309	0	0	               0
0	15028	0	0	      7661631939
0	13146	0	0	               0
0	13326	0	0	               0
0	12569	0	0	     37953972345
0	13281	0	0	               0
0	13153	0	0	      7734148975
0	12761	0	0	               0
0	13230	0	0	      3929508102
0	11932	0	0	      7770456252
0	13672	0	0	     66219059450
0	12380	0	0	      7786912264
0	13572	0	0	     18634907612
0	12709	0	0	               0
0	13125	0	0	      7819781202
0	12402	0	0	               0
0	11970	0	0	     66409189858
0	13016	0	0	               0
0	13542	0	0	               0
0	12892	0	0	     66517468362
0	13975	0	0	      7872490402
0	13353	0	0	               0
0	13449	0	0	      7885613801
0	13796	0	0	               0
0	13422	0	0	               0
0	12891	0	0	      7938494263
0	14714	0	0	               0
0	13443	0	0	               0
0	14779	0	0	     66815978347
0	13303	0	0	     66865209173
0	13601	0	0	               0
0	13438	0	0	      4064468133
0	13476	0	0	     66992933391
0	12694	0	0	               0
0	13208	0	0	     57087612108
0	12885	0	0	      8034079247
0	12183	0	0	      8044029805
0	12764	0	0	               0
0	12792	0	0	     18233334250
0	12904	0	0	      8070403279
0	12685	0	0	      8083622098
0	12974	0	0	               0
0	12765	0	0	      8119973985
0	14105	0	0	               0
0	12222	0	0	               0
0	12095	0	0	               0
0	13330	0	0	               0
0	12403	0	0	               0
0	12752	0	0	               0
0	12481	0	0	               0
0	13019	0	0	     67622692601
0	12272	0	0	               0
0	13758	0	0	      8218820297
0	14306	0	0	               0
0	12262	0	0	      8235285671
0	12729	0	0	               0
0	14920	0	0	     67816332640
0	13342	0	0	               0
0	13016	0	0	               0
0	13572	0	0	     67924633917
0	13069	0	0	      8314243426
0	14138	0	0	               0
0	12269	0	0	               0
0	13354	0	0	               0
0	13384	0	0	      8363782158
0	12123	0	0	               0
0	13906	0	0	      8380214642
0	13402	0	0	               0
0	12715	0	0	      8403377001
0	12252	0	0	               0
0	12279	0	0	     57094191763
0	12862	0	0	               0
0	13640	0	0	     68295429506
0	12985	0	0	               0
0	12842	0	0	     18233334250
0	2998	0	1	               0
0	7899	0	0	     68377547209
0	13159	0	0	               0
0	14173	0	0	               0
0	14289	0	0	      8502166153
0	12551	0	0	     37970518626
0	26855	0	0	               0
0	13385	0	0	               0
0	13309	0	0	               0
0	12809	0	0	               0
0	13088	0	0	               0
0	14088	0	0	               0
0	13123	0	0	               0
0	12928	0	0	               0
0	13560	0	0	     37986994237
0	13369	0	0	               0
0	13454	0	0	      4308237200
0	14162	0	0	               0
0	14699	0	0	      8656930890
0	12592	0	0	               0
0	13922	0	0	      1737793177
0	12276	0	0	      8686598650
0	13899	0	0	     80657476465
0	13689	0	0	     62993393302
0	27813	0	0	     63159193975
0	14147	0	0	     63225420876
0	26486	0	0	     63394575558
0	13850	0	0	     63477499287
0	14104	0	0	     63560173367
0	12208	0	0	     63646417175
0	13223	0	0	     63735959702
0	13342	0	0	     63822223787
0	26390	0	0	     63994467322
0	13778	0	0	     64070841293
0	13411	0	0	     64160425039
0	13046	0	0	     64240041598
0	13511	0	0	     64332862852
0	12985	0	0	     64422453875
0	13624	0	0	     64505292104
0	27399	0	0	     64671084823
0	13686	0	0	      8933945729
0	13414	0	0	      8943777256
0	13100	0	0	               0
0	14744	0	0	               0
0	13734	0	0	               0
0	12189	0	0	               0
0	14006	0	0	      9019659145
0	12501	0	0	      9039497138
0	13031	0	0	      9052675511
0	13491	0	0	               0
0	15393	0	0	               0
0	14688	0	0	     70257502247
0	14465	0	0	               0
0	14035	0	0	               0
0	14345	0	0	     10361800364
0	16171	0	0	               0
0	13207	0	0	     70486813827
0	14081	0	0	               0
0	13495	0	0	               0
0	14653	0	0	               0
0	15564	0	0	               0
0	14520	0	0	     10424254533
0	14134	0	0	               0
0	13568	0	0	               0
0	15179	0	0	      1961225704
0	13799	0	0	     70752987581
0	14309	0	0	               0
0	14057	0	0	               0
0	13033	0	0	               0
0	13394	0	0	     70910151760
0	14056	0	0	      9329764637
0	12476	0	0	      9333076520
0	15277	0	0	               0
0	13010	0	0	     71051015790
0	12921	0	0	     71080353267
0	12374	0	0	      4607717833
0	13354	0	0	     67683165380
0	13664	0	0	     67762567347
0	13868	0	0	     67845433821
0	27600	0	0	     68007648639
0	26219	0	0	     68163434458
0	13600	0	0	               0
0	13789	0	0	               0
0	12422	0	0	               0
0	13215	0	0	               0
0	12721	0	0	               0
0	13244	0	0	               0
0	13333	0	0	               0
0	13617	0	0	      9508097436
0	12660	0	0	               0
0	13307	0	0	               0
0	12880	0	0	               0
0	13897	0	0	     71781537830
0	13824	0	0	               0
0	15733	0	0	     71866899687
0	12923	0	0	     18081673469
0	13466	0	0	     71919353687
0	13397	0	0	      9610257007
0	14923	0	0	     71985141822
0	13633	0	0	      9633388774
0	12840	0	0	               0
0	14181	0	0	     72099540798
0	12962	0	0	      4768945308
0	13329	0	0	               0
0	14223	0	0	     72220826366
0	13033	0	0	     72253586096
0	15351	0	0	      4782057160
0	13196	0	0	     72338726315
0	12777	0	0	               0
0	13793	0	0	      9719202506
0	15375	0	0	      9729128903
0	13827	0	0	               0
0	12800	0	0	               0
0	12414	0	0	               0
0	12973	0	0	               0
0	12993	0	0	               0
0	13444	0	0	               0
0	12892	0	0	               0
0	12922	0	0	               0
0	13089	0	0	               0
0	13069	0	0	               0
0	12774	0	0	               0
0	13722	0	0	     72810530783
0	13233	0	0	               0
0	13739	0	0	               0
0	14634	0	0	               0
0	13218	0	0	               0
0	12398	0	0	               0
0	13495	0	0	       375009705
0	14778	0	0	      9940153692
0	13744	0	0	               0
0	13033	0	0	               0
0	12837	0	0	               0
0	12025	0	0	               0
0	13948	0	0	     38172032372
0	13087	0	0	     73223935051
0	12755	0	0	     10015958985
0	12455	0	0	               0
0	12135	0	0	               0
0	13510	0	0	               0
0	14593	0	0	     73378246456
0	13562	0	0	               0
0	13183	0	0	     73463571069
0	13636	0	0	      8649226190
0	14231	0	0	               0
0	13259	0	0	               0
0	14778	0	0	               0
0	12615	0	0	               0
0	12991	0	0	               0
0	13705	0	0	     10151212812
0	13685	0	0	               0
0	12543	0	0	               0
0	27563	0	0	               0
0	13472	0	0	     10194072165
0	12817	0	0	               0
0	13746	0	0	     10213909670
0	12855	0	0	     10220525620
0	14315	0	0	     10227129138
0	13414	0	0	               0
0	13275	0	0	       592256470
0	14250	0	0	               0
0	13989	0	0	               0
0	14170	0	0	     10292978148
0	14960	0	0	               0
0	12547	0	0	     10316120620
0	13177	0	0	               0
0	13785	0	0	               0
0	12288	0	0	               0
0	13198	0	0	               0
0	14259	0	0	               0
0	13297	0	0	               0
0	14835	0	0	               0
0	12995	0	0	     10402001862
0	15885	0	0	               0
0	14171	0	0	               0
0	13876	0	0	     74631737340
0	13879	0	0	               0
0	13149	0	0	               0
0	14665	0	0	     10468012278
0	13675	0	0	     74772938032
0	14002	0	0	               0
0	13908	0	0	               0
0	13869	0	0	     10520798263
0	13794	0	0	     10520798263
0	14053	0	0	               0
0	13866	0	0	               0
0	14383	0	0	       746973861
0	13933	0	0	     10593424080
0	12450	0	0	               0
0	14024	0	0	               0
0	13526	0	0	               0
0	12982	0	0	               0
0	12716	0	0	     75235687168
0	13567	0	0	               0
0	13187	0	0	               0
0	13951	0	0	               0
0	13024	0	0	     10682362232
0	13710	0	0	     75416351169
0	14410	0	0	     11082637257
0	13827	0	0	     75472150163
0	13694	0	0	               0
0	13357	0	0	               0
0	13201	0	0	     11112342183
0	13535	0	0	               0
0	12577	0	0	     11135424647
0	13172	0	0	     75633029920
0	14485	0	0	               0
0	13229	0	0	               0
0	12239	0	0	               0
0	12967	0	0	               0
0	12267	0	0	               0
0	13024	0	0	               0
0	13689	0	0	               0
0	12949	0	0	      5239766016
0	13036	0	0	               0
0	12413	0	0	               0
0	13341	0	0	               0
0	13397	0	0	     76055947158
0	13387	0	0	     76082178541
0	13951	0	0	               0
0	13445	0	0	               0
0	13832	0	0	     10946292877
0	13475	0	0	               0
0	13419	0	0	     10979365860
0	13282	0	0	     10982664476
0	13466	0	0	               0
0	13853	0	0	               0
0	13230	0	0	     76387341134
0	12844	0	0	               0
0	13512	0	0	     76442990126
0	13965	0	0	     11045277617
0	13594	0	0	               0
0	13940	0	0	               0
0	12980	0	0	               0
0	13877	0	0	               0
0	13022	0	0	               0
0	12529	0	0	               0
0	12785	0	0	               0
0	13457	0	0	               0
0	14990	0	0	     11127735590
0	14481	0	0	               0
0	13040	0	0	     11150892788
0	13493	0	0	     11154168082
0	12945	0	0	               0
0	13824	0	0	     38340527268
0	12666	0	0	     11177302232
0	14926	0	0	     11190518990
0	15504	0	0	               0
0	15216	0	0	               0
0	13957	0	0	               0
0	13074	0	0	               0
0	13176	0	0	     11245919487
0	13949	0	0	     77252603045
0	12186	0	0	     77285270027
0	15299	0	0	               0
0	15036	0	0	     77354326403
0	15184	0	0	               0
0	13680	0	0	     77419936901
0	13451	0	0	               0
0	14775	0	0	     77501890884
0	13587	0	0	               0
0	14271	0	0	     11334812422
0	13554	0	0	               0
0	13125	0	0	               0
0	12228	0	0	      5555532631
0	13667	0	0	     11377662912
0	14009	0	0	     11387568501
0	13754	0	0	     77748139716
0	12776	0	0	               0
0	12570	0	0	     11423759149
0	13581	0	0	     77853020068
0	15804	0	0	     11453478344
0	13478	0	0	               0
0	12674	0	0	     57404035193
0	14011	0	0	               0
0	12161	0	0	     11512757922
0	11626	0	0	     11525857538
0	12935	0	0	     78082550308
0	12951	0	0	     11548906421
0	13676	0	0	     11555491174
0	13196	0	0	               0
0	13076	0	0	     57407315990
0	13074	0	0	               0
0	13866	0	0	     11575325506
0	13200	0	0	               0
0	13327	0	0	     78358000962
0	13888	0	0	               0
0	13371	0	0	     38347145899
0	12284	0	0	     11628012364
0	13532	0	0	     57407315990
0	13516	0	0	     11667627649
0	12419	0	0	     11674243378
0	14149	0	0	               0
0	13025	0	0	     11710550816
0	14045	0	0	     78636365775
0	13957	0	0	     78672500049
0	14577	0	0	               0
0	12956	0	0	     38347145899
0	13003	0	0	               0
0	13556	0	0	     57407315990
0	13498	0	0	     78868484262
0	14354	0	0	     78901146527
0	14259	0	0	     78937336265
0	13318	0	0	               0
0	13824	0	0	               0
0	11568	0	0	               0
0	14604	0	0	     79100892710
0	13735	0	0	     11881910716
0	13471	0	0	               0
0	13902	0	0	     11895107542
0	14332	0	0	               0
0	14262	0	0	     11921535345
0	12777	0	0	     79284626764
0	13021	0	0	               0
0	12934	0	0	     11980886050
0	13000	0	0	     18362227417
0	14154	0	0	               0
0	12822	0	0	     12003996036
0	12752	0	0	               0
0	14060	0	0	     12023674809
0	12287	0	0	               0
0	13066	0	0	     38350448999
0	26980	0	0	     57413831666
0	13723	0	0	               0
0	13295	0	0	     12079622033
0	13519	0	0	     79796315189
0	14461	0	0	       157999264
0	12326	0	0	     12112561888
0	13663	0	0	     57413831666
0	12692	0	0	               0
0	12953	0	0	     12138929020
0	13154	0	0	     12142213346
0	14949	0	0	     12148819694
0	12721	0	0	               0
0	13180	0	0	     12162040365
0	12980	0	0	      5947456944
0	12738	0	0	               0
0	13886	0	0	               0
0	12359	0	0	     12214803410
0	13557	0	0	               0
0	14299	0	0	     12241112229
0	12938	0	0	     12254314781
0	12724	0	0	               0
0	12570	0	0	               0
0	13224	0	0	               0
0	12803	0	0	               0
0	13406	0	0	               0
0	12876	0	0	     12339905983
0	13043	0	0	     12353083854
0	11749	0	0	               0
0	13454	0	0	     80694514648
0	13660	0	0	      2359467440
0	12874	0	0	               0
0	13168	0	0	               0
0	12092	0	0	               0
0	13061	0	0	     12441993252
0	14220	0	0	     80858717621
0	11827	0	1	      3859216762
0	13507	0	0	     12458471243
0	13487	0	0	               0
0	13622	0	0	     12494737574
0	12698	0	0	     81032446920
0	12994	0	0	               0
0	13812	0	0	     81117814904
0	12540	0	0	     81160363730
0	14404	0	0	               0
0	13491	0	0	     55500701057
0	13977	0	0	     12547592081
0	13792	0	0	               0
0	13776	0	0	               0
0	13996	0	0	     12583843364
0	13352	0	0	               0
0	13585	0	0	               0
0	13802	0	0	               0
0	15389	0	0	     81507643690
0	12888	0	0	               0
0	13634	0	0	               0
0	13952	0	0	               0
0	12691	0	1	               0
1	1	0	0	               0
0	0	0	0	               0
0	0	0	0	               0
0	0	0	0	               0
0	0	0	0	               0
0	0	0	0	               0
0	0	0	0	               0
0	0	0	0	               0
0	0	0	0	               0
0	0	0	0	     55527119338
54	1	0	0	               0
1398	0	0	0	         3321972
1406	0	0	0	         9932834
1367	0	0	0	        52908158
1508	0	0	0	               0
1440	0	0	1	        83088924
1457	0	0	0	        23264141
1677	0	0	0	               0
1348	0	0	0	               0
1370	0	0	0	               0
1273	2	0	0	       182886453
1375	0	0	0	        16636131
1423	0	0	0	        26522938
1484	0	0	0	       259042382
1433	0	0	0	               0
1497	0	0	0	        19948013
1455	0	0	0	        39924185
1484	0	0	0	               0
1652	0	0	0	        33260180
1436	0	0	0	               0
1400	0	0	0	     41430875432
1512	0	0	0	        43185956
1417	0	0	0	        53156165
1557	0	0	0	               0
1542	0	0	0	               0
1598	2	0	0	        29815537
1942	2	0	0	               0
1844	2	0	0	        46511425
1462	1	0	0	        73136425
1476	2	0	0	     38380109020
1671	2	0	0	        76461005
1817	2	0	0	       551173096
2050	0	0	0	               0
2063	1	0	0	     38383421183
1619	1	0	0	               0
1784	2	0	0	         3327234
1697	1	0	0	        63124917
1981	2	0	0	               0
2094	2	0	0	               0
1650	2	0	0	        86322725
1827	2	0	0	               0
1498	2	0	0	       700573939
1840	2	0	0	       717127188
start=1603977843
